4 4
2 5
2 4
2 3
2 2
2 4
4 6
4 3
2 3
7 5
2 4
4 7
3 2
4 4
2 3
2 2
3 4
3 3
4 5
3 5
3 4
4 6
3 6
3 5
4 7
3 7
3 6
3 10
7 9
8 8
7 6
7 7
7 8
4 8
6 8
6 9
7 9
7 10
7 11
3 8
3 7
4 9
3 9
3 10
3 11
4 7
3 7
4 6
3 6
4 5
3 5
4 4
3 4
4 3
3 3
3 2
2 2
2 3
3 4
3 3
4 5
3 5
3 4
4 6
3 6
3 5
4 7
3 7
3 6
4 8
3 8
3 7
4 9
3 9
3 10
3 11
3 8
3 9
3 10
3 11
4 7
4 6
4 5
4 4
4 3
3 2
3 3
3 4
4 5
4 6
3 5
3 6
4 7
4 8
3 7
3 8
4 9
3 9
3 10
3 11
3 10
3 9
3 8
4 7
3 7
4 6
3 6
4 5
3 5
4 4
3 4
4 3
3 3
3 2
3 1
4 5
4 2
3 2
3 3
3 4
4 7
4 8
4 9
7 4
7 5
3 5
4 6
7 5
7 4
7 3
7 2
8 6
8 7
8 6
4 4
4 5
4 6
7 9
7 8
7 11
8 8
7 11
7 10
8 8
7 9
8 11
